0 0.3557692307692308 0.18870192307692307 0.24519230769230768 0.3076923076923077
0 0.6598557692307693 0.1201923076923077 0.17067307692307693 0.20673076923076922
0 0.2824519230769231 0.30528846153846156 0.22115384615384615 0.27163461538461536
0 0.5276442307692307 0.3713942307692308 0.23557692307692307 0.3076923076923077
0 0.1346153846153846 0.5853365384615384 0.21153846153846154 0.27884615384615385
0 0.9110576923076923 0.40625 0.17307692307692307 0.2548076923076923
0 0.8064903846153846 0.48677884615384615 0.18990384615384615 0.21634615384615385
0 0.24278846153846154 0.7896634615384616 0.25 0.3293269230769231
0 0.5252403846153846 0.7620192307692307 0.25240384615384615 0.31009615384615385
0 0.41466346153846156 0.8028846153846154 0.17307692307692307 0.22355769230769232
0 0.3269230769230769 0.9086538461538461 0.20673076923076922 0.1778846153846154
0 0.7151442307692307 0.8413461538461539 0.2091346153846154 0.25961538461538464