0 0.5012019230769231 0.1466346153846154 0.2283653846153846 0.2932692307692308
0 0.8112980769230769 0.203125 0.15625 0.20192307692307693
0 0.38461538461538464 0.21995192307692307 0.20432692307692307 0.2620192307692308
0 0.5853365384615384 0.38221153846153844 0.21394230769230768 0.2980769230769231
0 0.13221153846153846 0.4182692307692308 0.19230769230769232 0.27403846153846156
0 0.9230769230769231 0.5757211538461539 0.14903846153846154 0.24759615384615385
0 0.7956730769230769 0.6045673076923077 0.1778846153846154 0.2091346153846154
0 0.14903846153846154 0.6514423076923077 0.2283653846153846 0.31971153846153844
0 0.421875 0.7427884615384616 0.23076923076923078 0.3004807692307692
0 0.3004807692307692 0.734375 0.15625 0.21875
0 0.16466346153846154 0.8233173076923077 0.18990384615384615 0.22355769230769232
0 0.5661057692307693 0.8834134615384616 0.19471153846153846 0.2283653846153846