0 0.3870192307692308 0.18028846153846154 0.22115384615384615 0.2932692307692308
0 0.6935096153846154 0.14423076923076922 0.15384615384615385 0.1971153846153846
0 0.30288461538461536 0.28725961538461536 0.19951923076923078 0.2548076923076923
0 0.5396634615384616 0.3786057692307692 0.2091346153846154 0.2932692307692308
0 0.12980769230769232 0.5492788461538461 0.1875 0.2668269230769231
0 0.9158653846153846 0.4519230769230769 0.16346153846153846 0.24519230769230768
0 0.8004807692307693 0.5204326923076923 0.17307692307692307 0.20432692307692307
0 0.21514423076923078 0.7596153846153846 0.22115384615384615 0.3125
0 0.4951923076923077 0.7620192307692307 0.22596153846153846 0.2956730769230769
0 0.38100961538461536 0.7920673076923077 0.15384615384615385 0.21394230769230768
0 0.2824519230769231 0.9014423076923077 0.18509615384615385 0.19230769230769232
0 0.6742788461538461 0.8617788461538461 0.1875 0.24759615384615385