2 0.7151442307692307 0.16346153846153846 0.22355769230769232 0.2403846153846154
2 0.203125 0.31009615384615385 0.24519230769230768 0.2548076923076923
2 0.4411057692307692 0.04927884615384615 0.1466346153846154 0.0985576923076923
2 0.09975961538461539 0.7307692307692307 0.1201923076923077 0.15865384615384615
2 0.19591346153846154 0.7043269230769231 0.17067307692307693 0.18269230769230768
2 0.2692307692307692 0.7091346153846154 0.1201923076923077 0.15144230769230768
2 0.6766826923076923 0.040865384615384616 0.20432692307692307 0.08173076923076923
2 0.703125 0.7956730769230769 0.10096153846153846 0.09375
2 0.7680288461538461 0.7884615384615384 0.0889423076923077 0.09615384615384616
2 0.39903846153846156 0.9110576923076923 0.08413461538461539 0.09134615384615384
2 0.9651442307692307 0.7608173076923077 0.06490384615384616 0.11778846153846154
2 0.5048076923076923 0.8978365384615384 0.10817307692307693 0.10576923076923077
2 0.8004807692307693 0.8221153846153846 0.0673076923076923 0.07692307692307693
2 0.9194711538461539 0.7956730769230769 0.09375 0.11057692307692307
2 0.7283653846153846 0.8497596153846154 0.10096153846153846 0.0985576923076923
2 0.7415865384615384 0.9002403846153846 0.07451923076923077 0.06490384615384616
2 0.06850961538461539 0.2247596153846154 0.13701923076923078 0.2283653846153846
2 0.20673076923076922 0.1778846153846154 0.15865384615384615 0.21634615384615385
2 0.7824519230769231 0.10576923076923077 0.1658653846153846 0.21153846153846154
2 0.4579326923076923 0.17908653846153846 0.13701923076923078 0.2283653846153846