2 0.8677884615384616 0.3004807692307692 0.21634615384615385 0.23557692307692307
2 0.35096153846153844 0.18870192307692307 0.23798076923076922 0.24759615384615385
2 0.6875 0.06850961538461539 0.14182692307692307 0.10096153846153846
2 0.06370192307692307 0.5108173076923077 0.11778846153846154 0.15625
2 0.15985576923076922 0.5324519230769231 0.16346153846153846 0.1778846153846154
2 0.22355769230769232 0.5709134615384616 0.11778846153846154 0.14903846153846154
2 0.9050480769230769 0.140625 0.18509615384615385 0.15144230769230768
2 0.5637019230769231 0.8497596153846154 0.0985576923076923 0.09375
2 0.6237980769230769 0.8725961538461539 0.08413461538461539 0.09615384615384616
2 0.24278846153846154 0.8088942307692307 0.08173076923076923 0.0889423076923077
2 0.8305288461538461 0.9471153846153846 0.11298076923076923 0.10096153846153846
2 0.34134615384615385 0.8473557692307693 0.10576923076923077 0.10336538461538461
2 0.6370192307692307 0.9182692307692307 0.0673076923076923 0.07451923076923077
2 0.7536057692307693 0.9471153846153846 0.09375 0.10096153846153846
2 0.5600961538461539 0.9086538461538461 0.10096153846153846 0.09615384615384616
2 0.8581730769230769 0.9807692307692307 0.07211538461538461 0.03365384615384615
2 0.5480769230769231 0.9603365384615384 0.07211538461538461 0.0625
2 0.234375 0.06971153846153846 0.21875 0.13942307692307693
2 0.4170673076923077 0.09134615384615384 0.15625 0.18269230769230768
2 0.9411057692307693 0.2644230769230769 0.11298076923076923 0.2403846153846154
2 0.6346153846153846 0.1935096153846154 0.12980769230769232 0.22596153846153846