2 0.84375 0.30649038461538464 0.21153846153846154 0.23076923076923078
2 0.33052884615384615 0.20552884615384615 0.23317307692307693 0.24278846153846154
2 0.6610576923076923 0.07091346153846154 0.13942307692307693 0.11538461538461539
2 0.055288461538461536 0.5300480769230769 0.11057692307692307 0.15625
2 0.14783653846153846 0.5492788461538461 0.16105769230769232 0.17548076923076922
2 0.21033653846153846 0.5841346153846154 0.11298076923076923 0.1466346153846154
2 0.8846153846153846 0.13701923076923078 0.19471153846153846 0.16346153846153846
2 0.5516826923076923 0.8545673076923077 0.09615384615384616 0.0889423076923077
2 0.6117788461538461 0.8774038461538461 0.08413461538461539 0.09375
2 0.23317307692307693 0.8221153846153846 0.07932692307692307 0.08653846153846154
2 0.8173076923076923 0.9471153846153846 0.11057692307692307 0.10096153846153846
2 0.33052884615384615 0.8557692307692307 0.10096153846153846 0.10096153846153846
2 0.6237980769230769 0.921875 0.06490384615384616 0.07211538461538461
2 0.7391826923076923 0.9483173076923077 0.0889423076923077 0.0985576923076923
2 0.5492788461538461 0.9134615384615384 0.0985576923076923 0.09375
2 0.8461538461538461 0.9795673076923077 0.07211538461538461 0.036057692307692304
2 0.5384615384615384 0.9639423076923077 0.07211538461538461 0.06009615384615385
2 0.2127403846153846 0.07932692307692307 0.21394230769230768 0.15865384615384615
2 0.39302884615384615 0.09975961538461539 0.15144230769230768 0.19951923076923078
2 0.9290865384615384 0.27163461538461536 0.13701923076923078 0.23557692307692307
2 0.6117788461538461 0.20552884615384615 0.125 0.22115384615384615