2 0.390625 0.0985576923076923 0.18269230769230768 0.15384615384615385
2 0.5817307692307693 0.9399038461538461 0.13221153846153846 0.11778846153846154
2 0.06971153846153846 0.15745192307692307 0.13942307692307693 0.19951923076923078
2 0.5492788461538461 0.12259615384615384 0.17548076923076922 0.1658653846153846
2 0.7524038461538461 0.13701923076923078 0.14903846153846154 0.16826923076923078
2 0.8509615384615384 0.12860576923076922 0.17548076923076922 0.16346153846153846
2 0.43149038461538464 0.17307692307692307 0.18509615384615385 0.15144230769230768
2 0.15384615384615385 0.20072115384615385 0.21634615384615385 0.1971153846153846
2 0.44471153846153844 0.4014423076923077 0.16105769230769232 0.1346153846153846
2 0.17668269230769232 0.46875 0.19230769230769232 0.17548076923076922
2 0.5673076923076923 0.4639423076923077 0.1778846153846154 0.1971153846153846
2 0.8365384615384616 0.4699519230769231 0.1778846153846154 0.17307692307692307
2 0.11057692307692307 0.5336538461538461 0.15144230769230768 0.1466346153846154
2 0.453125 0.5072115384615384 0.17307692307692307 0.18269230769230768
2 0.9519230769230769 0.7536057692307693 0.09134615384615384 0.19951923076923078
2 0.5204326923076923 0.8197115384615384 0.15384615384615385 0.13942307692307693
2 0.203125 0.8569711538461539 0.21153846153846154 0.23798076923076922
2 0.8088942307692307 0.8052884615384616 0.1778846153846154 0.19230769230769232