2 0.5228365384615384 0.08052884615384616 0.20432692307692307 0.16105769230769232
2 0.44350961538461536 0.9387019230769231 0.1466346153846154 0.11778846153846154
2 0.1875 0.06610576923076923 0.17307692307692307 0.13221153846153846
2 0.6670673076923077 0.14423076923076922 0.1971153846153846 0.18990384615384615
2 0.8605769230769231 0.22115384615384615 0.17067307692307693 0.1875
2 0.9278846153846154 0.24639423076923078 0.13942307692307693 0.18990384615384615
2 0.5372596153846154 0.15625 0.20432692307692307 0.1778846153846154
2 0.25961538461538464 0.1045673076923077 0.24519230769230768 0.2091346153846154
2 0.47836538461538464 0.3798076923076923 0.1778846153846154 0.15625
2 0.1971153846153846 0.36177884615384615 0.21394230769230768 0.19951923076923078
2 0.5769230769230769 0.4795673076923077 0.20432692307692307 0.22115384615384615
2 0.8377403846153846 0.5709134615384616 0.19951923076923078 0.1971153846153846
2 0.1141826923076923 0.4050480769230769 0.16826923076923078 0.1658653846153846
2 0.453125 0.48677884615384615 0.1971153846153846 0.20432692307692307
2 0.8713942307692307 0.8870192307692307 0.14423076923076922 0.21153846153846154
2 0.4206730769230769 0.8100961538461539 0.17307692307692307 0.15865384615384615
2 0.11177884615384616 0.7487980769230769 0.22355769230769232 0.2668269230769231
2 0.7055288461538461 0.8870192307692307 0.20192307692307693 0.21634615384615385