2 0.6899038461538461 0.125 0.20673076923076922 0.18269230769230768
2 0.3605769230769231 0.9399038461538461 0.14182692307692307 0.10576923076923077
2 0.9603365384615384 0.23918269230769232 0.07451923076923077 0.22355769230769232
2 0.5240384615384616 0.12620192307692307 0.20192307692307693 0.19471153846153846
2 0.3137019230769231 0.10576923076923077 0.1778846153846154 0.19230769230769232
2 0.21514423076923078 0.09014423076923077 0.20432692307692307 0.18028846153846154
2 0.6358173076923077 0.19591346153846154 0.2091346153846154 0.18269230769230768
2 0.8942307692307693 0.2692307692307692 0.20673076923076922 0.23557692307692307
2 0.5853365384615384 0.4254807692307692 0.18269230769230768 0.16105769230769232
2 0.8485576923076923 0.5384615384615384 0.21875 0.20432692307692307
2 0.45072115384615385 0.4699519230769231 0.21153846153846154 0.22596153846153846
2 0.171875 0.4326923076923077 0.20432692307692307 0.20192307692307693
2 0.9038461538461539 0.6165865384615384 0.17307692307692307 0.17067307692307693
2 0.5588942307692307 0.5348557692307693 0.20192307692307693 0.2091346153846154
2 0.037259615384615384 0.703125 0.07451923076923077 0.21875
2 0.43990384615384615 0.8413461538461539 0.17548076923076922 0.16346153846153846
2 0.7608173076923077 0.8966346153846154 0.25240384615384615 0.20192307692307693
2 0.1466346153846154 0.7800480769230769 0.2091346153846154 0.22115384615384615